3,
133,
1008,
133,
-1,
141,
6,
141,
130,
3,
134,
3,
135,
3,
136,
3,
137,
3,
138,
2,
134,
135,
143,
2,
133,
136,
144,
1002,
144,
-1,
144,
1,
143,
144,
143,
2,
137,
136,
142,
2,
138,
134,
144,
1002,
144,
-1,
144,
1,
142,
144,
142,
1002,
139,
0,
139,
1,
142,
143,
142,
1001,
139,
1,
139,
6,
142,
75,
1007,
142,
141,
6,
141,
0,
106,
0,
55,
2,
133,
138,
142,
2,
135,
137,
144,
1002,
144,
-1,
144,
1,
142,
144,
142,
1002,
140,
0,
140,
1,
142,
143,
142,
1001,
140,
1,
140,
6,
142,
115,
1007,
142,
141,
6,
141,
0,
106,
0,
95,
1002,
139,
3,
139,
1,
139,
140,
139,
1,
145,
139,
145,
106,
0,
0,
4,
145,
99,
0,
0,
0,
0,
0,
0,
0,
0,
0,
0,
0,
0,
0